	name: "Yellow"
	price: 2600
	unlock: 0
	base_color: (0.793756, 0.814849, 0.001944)
	mask_b_color: (0.033109, 0.033109, 0.033109)
	mask_g_color: (0.938652, 0.584078, 0.015212)
	mask_r_color: (0.938652, 0.584078, 0.015212)
	part_type: "aftermarket"
