	name: "Blue"
	price: 2600
	unlock: 0
	base_color: (0.026245, 0.107023, 0.287424)
	mask_b_color: (0.033109, 0.033109, 0.033109)
	mask_g_color: (0.026245, 0.107023, 0.287424)
	mask_r_color: (0.026245, 0.107023, 0.287424)
	part_type: "aftermarket"
