	name: "White"
	price: 2600
	unlock: 0
	base_color: (0.830700, 0.830700, 0.830700)
	part_type: "aftermarket"
