	name: "HS Schoch Speedline"
	price: 24000
	unlock: 0
	airbrush: true
	flake_clearcoat_rolloff: 2.400000
	flake_color: (0.973400, 0.913000, 0.775800)
	flake_density: 0.700000
	flip_color: (0.973400, 0.913000, 0.775800)
	flip_strength: 1.700000
	icon: "paintjobs/hs_schoch"
	mask_b_color: (1.000000, 1.000000, 1.000000)
	mask_g_color: (1.000000, 1.000000, 1.000000)
	mask_r_color: (1.000000, 1.000000, 1.000000)
	part_type: "licensed"
