	name: "Goodyear Origins"
	price: 25500
	unlock: 0
	airbrush: true
	base_color: (0.000000, 0.064803, 0.278878)
	flake_clearcoat_rolloff: 2.400000
	flake_color: (0.318554, 0.383215, 1.000000)
	flake_shininess: 5.000000
	flip_color: (0.000123, 0.002135, 0.033109)
	flip_strength: 1.700000
	flipflake: true
	icon: "good1"
	mask_b_color: (1.000000, 1.000000, 1.000000)
	mask_g_color: (1.000000, 1.000000, 1.000000)
	mask_r_color: (1.000000, 1.000000, 1.000000)
	part_type: "licensed"
