	name: "Cerberus"
	price: 20000
	unlock: 0
	airbrush: true
	base_color: (0.000000, 0.000000, 0.000000)
	flake_clearcoat_rolloff: 2.400000
	flake_color: (1.000000, 0.423247, 0.000000)
	flake_density: 0.700000
	flip_color: (0.000912, 0.001214, 0.000607)
	flip_strength: 1.700000
	flipflake: true
	icon: "cerberus"
	mask_b_color: (0.863159, 0.863159, 0.863159)
	mask_g_color: (0.871337, 0.871337, 0.871337)
	mask_r_color: (0.871337, 0.871337, 0.871337)
	part_type: "aftermarket"
