	name: "Tırsan Blue"
	price: 15000
	unlock: 0
	airbrush: true
	base_color: (0.000305, 0.149960, 0.366253)
	flake_clearcoat_rolloff: 2.400000
	flake_color: (1.000000, 0.830770, 0.603801)
	flake_shininess: 5.000000
	flip_color: (0.035606, 0.002733, 0.000000)
	flip_strength: 1.700000
	icon: "paintjobs/tirsanblueclassic"
	part_type: "factory"
