	name: "Bibendum 2021"
	price: 25000
	unlock: 0
	airbrush: true
	base_color: (0.020292, 0.080220, 0.327778)
	flake_clearcoat_rolloff: 5.000000
	flake_color: (0.066631, 0.019125, 0.002782)
	flake_density: 0.600000
	flake_shininess: 30.000000
	flake_uvscale: 20.000000
	flip_color: (0.973412, 0.814233, 0.661621)
	flip_strength: 0.930000
	icon: "paintjob_michelin_bibenda21_trailer"
	part_type: "licensed"
