SiiNunit
{
ferry_connection : conn.porto_vec.marseille {
	price: 1193
	time: 840
	distance: 459
	
	connection_positions[0]: (-1875968, 0, 13068590)
	connection_positions[1]: (-1841543, 0, 13061162)
	connection_positions[2]: (-1812864, 0, 13081332)
	connection_positions[3]: (-1994201, 0, 13423998)
	connection_positions[4]: (-2067864, 0, 13463214)
	connection_positions[5]: (-2251756, 0, 13481762)
	connection_positions[6]: (-2443803, 0, 13422877)
	connection_positions[7]: (-6016095, 0, 10617003)
	
	connection_directions[0]: (0.977503, 0.000000, -0.210919)
	connection_directions[1]: (0.980100, -0.015469, 0.197902)
	connection_directions[2]: (-0.387808, 0.002035, 0.921738)
	connection_directions[3]: (-0.555317, 0.003913, 0.831630)
	connection_directions[4]: (-0.975760, 0.000000, 0.218842)
	connection_directions[5]: (-0.994293, 0.000000, -0.106684)
	connection_directions[6]: (-0.795769, -0.000267, -0.605601)
	connection_directions[7]: (-0.775014, -0.000286, -0.631945)

}
}

