	name: "Swedish Flag Metallic"
	price: 20000
	unlock: 0
	airbrush: true
	base_color: (0.000000, 0.084300, 0.291700)
	flake_clearcoat_rolloff: 4.500000
	flake_color: (0.000000, 0.041300, 0.134700)
	flake_shininess: 20.000000
	flake_uvscale: 24.000000
	flip_color: (0.242200, 0.564700, 0.947300)
	flip_strength: 1.700000
	flipflake: true
	icon: "paintjob_flag_s_flag.dlc_flags_s"
