	name: "Maple Pride"
	price: 20000
	unlock: 0
	airbrush: true
	base_color: (0.610496, 0.000305, 0.000305)
	flake_clearcoat_rolloff: 4.500000
	flake_color: (0.964686, 0.009134, 0.009134)
	flake_uvscale: 24.000000
	flip_color: (0.274677, 0.000000, 0.000000)
	flip_strength: 1.700000
	flipflake: true
	icon: "paintjob_flag_ca_leaf.dlc_flags_ca"
	part_type: "aftermarket"
