	name: "Fallen Angel"
	price: 17200
	unlock: 0
	airbrush: true
	base_color: (0.006900, 0.004000, 0.000000)
	flake_clearcoat_rolloff: 2.400000
	flake_color: (0.371218, 0.644453, 0.623960)
	flip_color: (0.000607, 0.000305, 0.013705)
	flip_strength: 1.700000
	icon: "paintjob_fallen_angel"
	part_type: "aftermarket"
