	name: "Amber Glory Metallic"
	price: 9500
	unlock: 0
	alternate_uvset: true
	base_color: (0.246200, 0.031800, 0.000000)
	flake_clearcoat_rolloff: 4.500000
	flake_color: (1.000000, 0.341900, 0.063000)
	flake_shininess: 20.000000
	flake_uvscale: 48.000000
	flip_color: (0.095300, 0.019300, 0.000000)
	flip_strength: 1.700000
	flipflake: true
	part_type: "aftermarket"
