	name: "Grand Citrine Metallic"
	price: 9500
	unlock: 0
	alternate_uvset: true
	base_color: (0.991100, 0.533200, 0.076100)
	flake_clearcoat_rolloff: 4.500000
	flake_color: (1.000000, 0.423200, 0.000000)
	flake_shininess: 20.000000
	flake_uvscale: 48.000000
	flip_color: (0.346700, 0.162000, 0.000300)
	flip_strength: 1.700000
	flipflake: true
	part_type: "aftermarket"
