	name: "Michelin Tracks 2021"
	price: 25500
	unlock: 0
	airbrush: true
	base_color: (0.514900, 0.514900, 0.514900)
	flake_clearcoat_rolloff: 4.500000
	flake_color: (0.381300, 0.381300, 0.496900)
	flake_shininess: 20.000000
	flake_uvscale: 24.000000
	flip_color: (0.168200, 0.168200, 0.304900)
	flip_strength: 1.700000
	flipflake: true
	icon: "paintjob_michelin_print21"
	part_type: "licensed"
