	name: "Black Metallic"
	price: 4600
	unlock: 0
	base_color: (0.070367, 0.070367, 0.070367)
	flake_clearcoat_rolloff: 4.500000
	flake_color: (0.122139, 0.132868, 0.152938)
	flake_density: 0.710000
	flake_uvscale: 24.000000
	flip_color: (0.074221, 0.074221, 0.090850)
	flip_strength: 1.800000
	flipflake: true
	part_type: "factory"
	stock: true
