	name: "Millenium Silver Metallic"
	price: 4600
	unlock: 0
	base_color: (0.799103, 0.799103, 0.715665)
	flake_clearcoat_rolloff: 4.500000
	flake_color: (0.799103, 0.799103, 0.799103)
	flake_density: 0.600000
	flake_uvscale: 24.000000
	flip_color: (0.122139, 0.147039, 0.152938)
	flip_strength: 1.800000
	flipflake: true
	part_type: "factory"
	stock: true
