	name: "Organic Blue Metallic"
	price: 4600
	unlock: 0
	base_color: (0.165144, 0.391552, 0.473531)
	flake_clearcoat_rolloff: 4.500000
	flake_color: (0.533276, 0.799103, 0.799103)
	flake_density: 0.600000
	flake_uvscale: 24.000000
	flip_color: (0.095316, 0.226966, 0.309469)
	flip_strength: 1.800000
	flipflake: true
	part_type: "factory"
	stock: true
