	name: "Indigo Black Metallic"
	price: 4600
	unlock: 0
	base_color: (0.026245, 0.042311, 0.063017)
	flake_clearcoat_rolloff: 4.500000
	flake_color: (0.022178, 0.048172, 0.045186)
	flake_density: 0.700000
	flake_uvscale: 24.000000
	flip_color: (0.002126, 0.012983, 0.017642)
	flip_strength: 1.800000
	flipflake: true
	part_type: "factory"
	stock: true
