	name: "Cool Breeze Metallic"
	price: 4600
	unlock: 0
	base_color: (0.439657, 0.637597, 0.665387)
	flake_clearcoat_rolloff: 4.500000
	flake_color: (0.597202, 0.737910, 0.752942)
	flake_density: 0.700000
	flake_uvscale: 20.000000
	flip_color: (0.219526, 0.346704, 0.376262)
	flip_strength: 1.800000
	flipflake: true
	part_type: "factory"
	stock: true
