	name: "Signal White"
	price: 4600
	unlock: 0
	base_color: (0.749186, 0.773164, 0.783541)
	flake_clearcoat_rolloff: 4.500000
	flake_color: (0.730432, 0.822755, 0.830770)
	flake_density: 0.600000
	flake_uvscale: 24.000000
	flip_color: (0.527091, 0.527091, 0.533276)
	flip_strength: 1.800000
	flipflake: true
	part_type: "factory"
	stock: true
