	name: "Discovery Grey Metallic"
	price: 4600
	unlock: 0
	base_color: (0.020292, 0.016644, 0.013187)
	flake_clearcoat_rolloff: 4.500000
	flake_color: (0.799103, 0.571125, 0.450786)
	flake_density: 0.700000
	flake_uvscale: 25.000000
	flip_color: (0.022178, 0.019382, 0.015996)
	flip_strength: 1.800000
	flipflake: true
	part_type: "factory"
	stock: true
