	name: "Iced Mercery"
	price: 4600
	unlock: 0
	base_color: (0.313971, 0.346704, 0.361288)
	flake_clearcoat_rolloff: 4.500000
	flake_color: (0.708376, 0.799103, 0.799103)
	flake_density: 0.600000
	flake_uvscale: 24.000000
	flip_color: (0.291771, 0.291771, 0.291771)
	flip_strength: 1.800000
	flipflake: true
	part_type: "factory"
	stock: true
