	name: "Ruby Red Solid"
	price: 4600
	unlock: 0
	base_color: (0.366253, 0.000000, 0.000000)
	flake_clearcoat_rolloff: 4.500000
	flake_color: (0.450786, 0.198083, 0.171454)
	flake_density: 0.600000
	flake_uvscale: 24.000000
	flip_color: (0.356400, 0.005607, 0.061246)
	flip_strength: 1.800000
	part_type: "factory"
	stock: true
