	name: "Stone Grey"
	price: 4600
	unlock: 0
	base_color: (0.361288, 0.361288, 0.361288)
	flake_clearcoat_rolloff: 4.500000
	flake_color: (0.830770, 0.737910, 0.693872)
	flake_density: 0.600000
	flake_uvscale: 24.000000
	flip_color: (0.212245, 0.198083, 0.184488)
	flip_strength: 1.800000
	flipflake: true
	part_type: "factory"
	stock: true
