	name: "Air Blue Metallic"
	price: 4600
	unlock: 0
	base_color: (0.701074, 0.806922, 0.838768)
	flake_clearcoat_rolloff: 4.500000
	flake_color: (0.533276, 0.799103, 0.799103)
	flake_density: 0.710000
	flake_uvscale: 24.000000
	flip_color: (0.291771, 0.396755, 0.417885)
	flip_strength: 1.800000
	flipflake: true
	part_type: "factory"
	stock: true
