	name: "Ginster Yellow Solid"
	price: 4600
	unlock: 0
	base_color: (0.846873, 0.366253, 0.013705)
	flake_clearcoat_rolloff: 4.500000
	flake_color: (1.000000, 0.752942, 0.428690)
	flake_density: 0.600000
	flake_uvscale: 24.000000
	flip_color: (0.396755, 0.242281, 0.076185)
	flip_strength: 1.800000
	part_type: "factory"
	stock: true
