	name: "City of Brussels"
	price: 20000
	unlock: 0
	airbrush: true
	base_color: (0.991068, 1.000000, 0.896269)
	flake_color: (0.879622, 1.000000, 0.991068)
	flip_color: (0.031896, 0.064803, 0.070367)
	flip_strength: 1.700000
	icon: "paintjob_flag_be_brussel"
	part_type: "aftermarket"
