	name: "Schwarzmüller Black and Red"
	price: 15000
	unlock: 0
	airbrush: true
	base_color: (0.052867, 0.052867, 0.052867)
	icon: "paintjob_schwb"
	mask_b_color: (0.300544, 0.001821, 0.008570)
	mask_g_color: (0.009724, 0.009724, 0.009724)
	mask_r_color: (0.300544, 0.001821, 0.008570)
	part_type: "factory"
