	name: "Ghost Ship"
	price: 20000
	unlock: 0
	airbrush: true
	base_color: (0.014300, 0.396800, 0.296200)
	flake_clearcoat_rolloff: 2.400000
	flake_color: (0.469000, 1.000000, 0.450800)
	flake_density: 0.700000
	flake_shininess: 5.000000
	flip_color: (0.000300, 0.023100, 0.093000)
	flip_strength: 1.700000
	flipflake: true
	icon: "paintjob_pirates_ghostship"
	part_type: aftermarket
