	name: "Walloon Rooster"
	price: 20000
	unlock: 0
	airbrush: true
	base_color: (1.000000, 0.679542, 0.000000)
	flake_color: (0.982251, 0.947307, 0.768151)
	flip_color: (1.000000, 0.564687, 0.000000)
	flip_strength: 1.700000
	icon: "paintjob_flag_be_rooster"
	part_type: "aftermarket"
