	name: "Dove of Love"
	price: 20000
	unlock: 0
	airbrush: true
	base_color: (0.854961, 0.830770, 0.686657)
	flake_color: (0.973446, 0.760525, 0.300544)
	flake_density: 0.050000
	flake_shininess: 5.000000
	flip_color: (0.184475, 0.124772, 0.000000)
	flip_strength: 1.700000
	flipflake: true
	icon: "paintjob_velentine_pink3"
	part_type: "aftermarket"
