	name: "Girl Power"
	price: 20000
	unlock: 0
	airbrush: true
	base_color: (0.982251, 0.603828, 0.223228)
	flake_color: (0.155926, 0.034340, 0.000000)
	flake_density: 0.050000
	flake_shininess: 5.000000
	flip_color: (0.000304, 0.011612, 0.000000)
	flip_strength: 1.700000
	flipflake: true
	icon: "paintjob_velentine_pink4"
