	name: "Sweetheart"
	price: 20000
	unlock: 0
	airbrush: true
	base_color: (1.000000, 0.304970, 0.527091)
	flake_color: (0.701102, 0.701102, 0.701102)
	flake_density: 0.050000
	flake_shininess: 5.000000
	flip_color: (0.021219, 0.017642, 0.017642)
	flip_strength: 1.700000
	flipflake: true
	icon: "paintjob_velentine_pink6"
	part_type: "aftermarket"
