SiiNunit
{
ferry_connection : conn.giovanni.messina {
	price: 347
	time: 20
	distance: 8
	
	connection_positions[0]: (4873996, 0, 18004852)
	connection_positions[1]: (4745888, 0, 17967356)
	connection_positions[2]: (4691143, 0, 18090549)
	
	connection_directions[0]: (-0.504761, 0.000000, -0.863226)
	connection_directions[1]: (-0.907306, 0.000000, 0.420459)
	connection_directions[2]: (0.242583, 0.000000, 0.970124)

}
}

