SiiNunit
{
ferry_connection : conn.napoli.cagliari {
	price: 879
	time: 840
	distance: 500


connection_positions[0]: (3266271, 0, 14980881)
connection_positions[1]: (-733172, 0, 16876641)
connection_positions[2]: (-2558749, 0, 16567600)



connection_directions[0]: (-0.877958, 0.000596, 0.478737)
connection_directions[1]: (-0.937130, 0.000424, 0.348981)
connection_directions[2]: (-0.625781, 0.003204, -0.779992)


}
}

