	name: "Duellist"
	price: 15000
	unlock: 14
	base_color: (0.672416, 0.610496, 0.462077)
	base_color_locked: false
	flake_clearcoat_rolloff: 2.400000
	flake_color: (0.054479, 0.054288, 0.053631)
	flake_density: 0.700000
	flip_color: (0.737914, 0.795517, 1.000000)
	flip_strength: 1.700000
	icon: "paintjob_style2"
	part_type: aftermarket
		mask_b_color: (0.097587, 0.004778, 0.003035)
	mask_b_locked: false
	mask_g_color: (0.775792, 0.814847, 0.637597)
	mask_r_color: (0.783538, 0.708376, 0.278878)
