	name: "Canopy"
	price: 15000
	unlock: 20
	base_color: (0.013700, 0.028400, 0.014400)
	base_color_locked: false
	flake_clearcoat_rolloff: 2.400000
	flake_density: 0.700000
	flip_strength: 1.700000
	icon: "paintjob_style7"
	mask_b_color: (0.723000, 0.283100, 0.064800)
	mask_b_locked: false
	mask_g_color: (0.879600, 0.644400, 0.401900)
	mask_g_locked: false
	mask_r_color: (0.955900, 0.665300, 0.141200)
