	name: "sunrise"
	price: 15000
	unlock: 10
	base_color_locked: false
	flake_clearcoat_rolloff: 2.400000
	flake_color: (0.054479, 0.054288, 0.053631)
	flake_density: 0.700000
	flip_color: (0.737914, 0.795517, 1.000000)
	flip_strength: 1.700000
	icon: "paintjob_style11"
	mask_b_color: (0.896269, 0.564687, 0.001821)
	mask_b_locked: false
	mask_g_color: (0.904628, 0.144128, 0.002126)
	mask_g_locked: false
	mask_r_color: (0.783538, 0.708376, 0.278878)
