	name: "Maple Pride"
	price: 20000
	unlock: 0
	airbrush: true
	base_color: (0.617200, 0.000600, 0.000600)
	flake_clearcoat_rolloff: 4.500000
	flake_color: (0.973400, 0.009700, 0.009700)
	flake_shininess: 20.000000
	flake_uvscale: 24.000000
	flip_color: (0.278800, 0.000000, 0.000000)
	flip_strength: 1.700000
	flipflake: true
	icon: "paintjob_flag_ca_leaf.dlc_flags_ca"
	part_type: aftermarket

