	name: "Polish Flag Metallic"
	price: 20000
	unlock: 0
	airbrush: true
	base_color: (0.684700, 0.008100, 0.008100)
	flake_clearcoat_rolloff: 4.500000
	flake_color: (0.456400, 0.008500, 0.004300)
	flake_shininess: 20.000000
	flip_color: (0.456400, 0.008500, 0.004300)
	flip_strength: 1.700000
	flipflake: true
	icon: "paintjob_flag_pl.dlc_flags_pl"
