	name: "@@custom_color@@"
	price: 5200
	unlock: 0
	base_color: (0.600000, 0.600000, 0.600000)
	base_color_locked: false
	flake_clearcoat_rolloff: 5.000000
	flake_color: (1.000000, 1.000000, 1.000000)
	flake_density: 0.600000
	flake_shininess: 30.000000
	flake_uvscale: 20.000000
	flip_color: (0.150000, 0.150000, 0.150000)
	flip_strength: 0.930000
	icon: "color_custom_icon"
	part_type: "aftermarket"
