	name: "Rush Red"
	price: 4600
	unlock: 0
	base_color: (0.496939, 0.048609, 0.035348)
	flake_clearcoat_rolloff: 4.500000
	flake_color: (0.930112, 0.662385, 0.525808)
	flake_density: 0.710000
	flake_shininess: 20.000000
	flake_uvscale: 24.000000
	flip_color: (0.141270, 0.014774, 0.006105)
	flip_strength: 1.500000
	flipflake: true
	part_type: "factory"
	stock: true
