	name: "Brilliant Grey"
	price: 4600
	unlock: 0
	base_color: (0.481613, 0.470089, 0.533282)
	flake_clearcoat_rolloff: 4.500000
	flake_color: (0.759079, 0.768214, 0.838770)
	flake_density: 0.710000
	flake_shininess: 20.000000
	flake_uvscale: 24.000000
	flip_color: (0.257812, 0.262210, 0.278885)
	flip_strength: 1.500000
	flipflake: true
	part_type: "factory"
	stock: true
