	name: "Ruby Red"
	price: 4600
	unlock: 0
	base_color: (0.551993, 0.066674, 0.066674)
	flake_clearcoat_rolloff: 4.500000
	flake_color: (0.814849, 0.509730, 0.594333)
	flake_density: 0.710000
	flake_shininess: 20.000000
	flake_uvscale: 24.000000
	flip_color: (0.323132, 0.001287, 0.001290)
	flip_strength: 1.500000
	flipflake: true
	part_type: "factory"
	stock: true
