	name: " Green Metallic"
	price: 4600
	unlock: 0
	base_color: (0.048562, 0.141270, 0.043739)
	flake_clearcoat_rolloff: 5.500000
	flake_color: (0.238383, 0.551987, 0.116971)
	flake_density: 0.710000
	flake_shininess: 58.000000
	flake_uvscale: 24.000000
	flip_color: (0.000000, 0.052865, 0.022464)
	flip_strength: 1.500000
	flipflake: true
	part_type: "factory"
	stock: true
