	name: "Bering White"
	price: 4600
	unlock: 0
	base_color: (0.651410, 0.619756, 0.547438)
	flake_clearcoat_rolloff: 4.500000
	flake_color: (0.838770, 0.828158, 0.759079)
	flake_density: 0.710000
	flake_shininess: 20.000000
	flake_uvscale: 24.000000
	flip_color: (0.341903, 0.337171, 0.318732)
	flip_strength: 1.500000
	flipflake: true
	part_type: "factory"
	stock: true
