	name: "Black Ral 9005"
	price: 4600
	unlock: 0
	base_color: (0.019382, 0.019382, 0.019382)
	flake_clearcoat_rolloff: 4.500000
	flake_color: (0.630736, 0.630736, 0.630736)
	flake_density: 0.710000
	flake_shininess: 20.000000
	flake_uvscale: 24.000000
	flip_color: (0.037817, 0.041546, 0.048170)
	flip_strength: 1.500000
	flipflake: true
	part_type: "factory"
	stock: true
