	name: "Adventure orange"
	price: 4600
	unlock: 0
	base_color: (0.679547, 0.241621, 0.061217)
	flake_clearcoat_rolloff: 4.500000
	flake_color: (0.814849, 0.657265, 0.509730)
	flake_density: 0.710000
	flake_shininess: 20.000000
	flake_uvscale: 24.000000
	flip_color: (0.323132, 0.057239, 0.001285)
	flip_strength: 1.500000
	flipflake: true
	part_type: "factory"
	stock: true
