	name: "Denim Blue"
	price: 4600
	unlock: 0
	base_color: (0.038002, 0.107548, 0.439664)
	flake_clearcoat_rolloff: 4.500000
	flake_color: (0.512688, 0.591876, 0.896271)
	flake_density: 0.710000
	flake_shininess: 40.000000
	flake_uvscale: 24.000000
	flip_color: (0.027244, 0.076586, 0.473538)
	flip_strength: 1.500000
	flipflake: true
	part_type: "factory"
	stock: true
