	name: "Traffic White"
	price: 4600
	unlock: 0
	base_color: (0.701078, 0.684267, 0.652492)
	flake_clearcoat_rolloff: 4.500000
	flake_color: (0.838770, 0.812941, 0.759079)
	flake_density: 0.710000
	flake_shininess: 20.000000
	flake_uvscale: 24.000000
	flip_color: (0.391559, 0.381630, 0.358388)
	flip_strength: 1.500000
	flipflake: true
	part_type: "factory"
	stock: true
