	name: "Vermilion Orange"
	price: 4600
	unlock: 0
	base_color: (0.723059, 0.144236, 0.054263)
	flake_clearcoat_rolloff: 4.500000
	flake_color: (0.896271, 0.677720, 0.512688)
	flake_density: 0.710000
	flake_shininess: 40.000000
	flake_uvscale: 24.000000
	flip_color: (0.439664, 0.064928, 0.017145)
	flip_strength: 1.500000
	flipflake: true
	part_type: "factory"
	stock: true
