	name: "Navy Blue"
	price: 4600
	unlock: 0
	base_color: (0.037992, 0.172119, 0.439664)
	flake_clearcoat_rolloff: 4.500000
	flake_color: (0.512688, 0.625443, 0.896271)
	flake_density: 0.710000
	flake_shininess: 40.000000
	flake_uvscale: 24.000000
	flip_color: (0.017158, 0.091724, 0.439664)
	flip_strength: 1.500000
	flipflake: true
	part_type: "factory"
	stock: true
