	name: "Ivory Yellow"
	price: 4600
	unlock: 0
	base_color: (0.896271, 0.413523, 0.099056)
	flake_clearcoat_rolloff: 4.500000
	flake_color: (0.896271, 0.751299, 0.512688)
	flake_density: 0.710000
	flake_uvscale: 24.000000
	flip_color: (0.715669, 0.334599, 0.027032)
	flip_strength: 1.500000
	flipflake: true
	part_type: "factory"
	stock: true
