	name: "Maranello Red"
	price: 3600
	unlock: 0
	base_color: (0.361288, 0.012289, 0.009134)
	flake_clearcoat_rolloff: 4.500000
	flake_color: (0.854963, 0.854963, 0.854963)
	flake_density: 0.710000
	flake_uvscale: 24.000000
	flip_color: (0.491004, 0.491004, 0.491004)
	flip_strength: 1.500000
	part_type: "factory"
	stock: true
