	name: "Gentian Blue"
	price: 4600
	unlock: 0
	base_color: (0.025373, 0.163444, 0.434139)
	flake_clearcoat_rolloff: 5.500000
	flake_color: (0.272273, 0.504172, 0.768154)
	flake_density: 0.710000
	flake_shininess: 58.000000
	flake_uvscale: 24.000000
	flip_color: (0.002095, 0.035249, 0.097584)
	flip_strength: 1.500000
	flipflake: true
	part_type: "factory"
	stock: true
