	name: "Ultramarine Blue"
	price: 4600
	unlock: 0
	base_color: (0.108648, 0.137422, 0.401964)
	flake_clearcoat_rolloff: 5.500000
	flake_color: (0.509730, 0.541400, 0.814849)
	flake_density: 0.710000
	flake_shininess: 58.000000
	flake_uvscale: 24.000000
	flip_color: (0.052765, 0.067680, 0.254144)
	flip_strength: 1.500000
	flipflake: true
	part_type: "factory"
	stock: true
