	name: "Avorio Carrara"
	price: 4600
	unlock: 0
	base_color: (0.879624, 0.776634, 0.598493)
	flake_clearcoat_rolloff: 4.500000
	flake_color: (0.913100, 0.853253, 0.744385)
	flake_density: 0.710000
	flake_uvscale: 24.000000
	flip_color: (0.610501, 0.460183, 0.255238)
	flip_strength: 1.500000
	flipflake: true
	part_type: "factory"
	stock: true
