	name: "Maranello Red Metallic"
	price: 4600
	unlock: 0
	base_color: (0.715669, 0.073824, 0.095172)
	flake_clearcoat_rolloff: 5.500000
	flake_color: (0.806924, 0.442981, 0.412280)
	flake_density: 0.710000
	flake_shininess: 58.000000
	flake_uvscale: 24.000000
	flip_color: (0.177895, 0.009323, 0.009328)
	flip_strength: 1.500000
	flipflake: true
	part_type: "factory"
	stock: true
