	name: "Cobalt Blue"
	price: 4600
	unlock: 0
	base_color: (0.062656, 0.107303, 0.318554)
	flake_clearcoat_rolloff: 5.500000
	flake_color: (0.412280, 0.569879, 0.806924)
	flake_density: 0.710000
	flake_shininess: 58.000000
	flake_uvscale: 24.000000
	flip_color: (0.020528, 0.035190, 0.104622)
	flip_strength: 1.500000
	flipflake: true
	part_type: "factory"
	stock: true
