	name: "Bubbles"
	price: 12500
	unlock: 5
	base_color: (0.391500, 0.508800, 0.715600)
	base_color_locked: false
	icon: "paintjob_style1"
	mask_b_color: (0.006500, 0.026200, 0.078100)
	mask_b_locked: false
	mask_g_color: (0.781600, 0.819400, 0.637900)
	mask_r_color: (0.781600, 0.819400, 0.637900)
