	name: "Swedish Guard"
	price: 20000
	unlock: 0
	airbrush: true
	base_color: (0.046600, 0.080200, 0.099800)
	flake_clearcoat_rolloff: 4.500000
	flake_color: (0.000000, 0.041300, 0.134700)
	flake_shininess: 20.000000
	flake_uvscale: 24.000000
	flip_color: (0.242200, 0.564700, 0.947300)
	flip_strength: 1.700000
	icon: "paintjob_flag_s_viking.dlc_flags_s"
	part_type: "aftermarket"
