	name: "Norwegian Flag Metallic"
	price: 20000
	unlock: 0
	airbrush: true
	base_color: (0.854900, 0.020200, 0.022100)
	flake_clearcoat_rolloff: 4.500000
	flake_color: (0.198800, 0.001600, 0.001900)
	flake_shininess: 20.000000
	flake_uvscale: 24.000000
	flip_color: (1.000000, 0.165100, 0.168200)
	flip_strength: 1.700000
	flipflake: true
	icon: "paintjob_flag_n_flag.dlc_flags_n"
	part_type: "aftermarket"
