	name: "Wings of Hope"
	price: 18000
	unlock: 0
	base_color: (0.057805, 0.000000, 0.015212)
	base_color_locked: false
	flake_clearcoat_rolloff: 3.500000
	flake_color: (0.723055, 0.846873, 0.760495)
	flake_shininess: 20.000000
	flip_color: (0.000305, 0.042311, 0.088656)
	flip_strength: 1.800000
	icon: "ribbon_1"
	mask_b_color: (0.545724, 0.030718, 0.246186)
	mask_g_color: (0.417885, 0.266356, 0.111932)
	mask_g_locked: false
	mask_r_color: (0.955900, 0.665300, 0.141200)
	part_type: "aftermarket"
