SiiNunit
{
ferry_connection : conn.helsinki.travemunde {
	price: 2525
	time: 1770
	distance: 1255
	
	connection_positions[0]: (11597040, 0, -14143756)
	connection_positions[1]: (11646669, 0, -14068438)
	connection_positions[2]: (11473729, 0, -13591253)
	connection_positions[3]: (9330868, 0, -12585767)
	connection_positions[4]: (8270867, 0, -9408644)
	connection_positions[5]: (5361900, 0, -6254733)
	connection_positions[6]: (4311748, 0, -5878111)
	connection_positions[7]: (2950186, 0, -5958109)
	connection_positions[8]: (2326258, 0, -5828442)
	connection_positions[9]: (1898424, 0, -5506875)
	
	connection_directions[0]: (0.549942, 0.031625, 0.834604)
	connection_directions[1]: (-0.217824, 0.005041, 0.975975)
	connection_directions[2]: (-0.842179, 0.000000, 0.539198)
	connection_directions[3]: (-0.607977, -0.000001, 0.793955)
	connection_directions[4]: (-0.531160, -0.000176, 0.847272)
	connection_directions[5]: (-0.746349, -0.000383, 0.665555)
	connection_directions[6]: (-0.992521, -0.000309, 0.122073)
	connection_directions[7]: (-0.999686, 0.001779, 0.025008)
	connection_directions[8]: (-0.918993, -0.000681, 0.394273)
	connection_directions[9]: (-0.917016, -0.004107, 0.398830)
}
}
