SiiNunit
{
ferry_connection : conn.travemunde.liepaja {
	price: 1375
	time: 1590
	distance: 730
	
	connection_positions[0]: (1898424, 0, -5506875)
	connection_positions[1]: (2326258, 0, -5828442)
	connection_positions[2]: (2950186, 0, -5958109)
	connection_positions[3]: (4311748, 0, -5878111)
	connection_positions[4]: (5361900, 0, -6254733)
	connection_positions[5]: (6896757, 0, -7856609)
	connection_positions[6]: (7419231, 0, -8337166)
	connection_positions[7]: (9016890, 0, -8533807)
	
	connection_directions[0]: (0.917016, 0.004107, -0.398830)
	connection_directions[1]: (0.918993, 0.000681, -0.394273)
	connection_directions[2]: (0.999686, -0.001779, -0.025008)
	connection_directions[3]: (0.992521, -0.000000, -0.122073)
	connection_directions[4]: (0.794102, -0.000000, -0.607785)
	connection_directions[5]: (0.702806, -0.000000, -0.711381)
	connection_directions[6]: (0.952586, 0.000000, -0.304269)
	connection_directions[7]: (0.992511, -0.000000, -0.122159)
}
}
