	name: "Danish Flag Metallic"
	price: 20000
	unlock: 0
	airbrush: true
	base_color: (0.564700, 0.003600, 0.029500)
	flake_clearcoat_rolloff: 4.500000
	flake_color: (0.292500, 0.002700, 0.017300)
	flake_shininess: 20.000000
	flake_uvscale: 24.000000
	flip_color: (0.973400, 0.107000, 0.198000)
	flip_strength: 1.700000
	flipflake: true
	icon: "paintjob_flag_dk_flag.dlc_flags_dk"
	part_type: aftermarket
