	name: "Belgian Flag Metallic"
	price: 20000
	unlock: 0
	airbrush: true
	base_color: (0.381306, 0.000000, 0.003677)
	flake_color: (0.947307, 0.482520, 0.482656)
	flip_color: (0.072270, 0.000725, 0.000725)
	flip_strength: 1.700000
	flipflake: true
	icon: "paintjob_flag_be_big"
