	name: "Ghost Ship"
	price: 20000
	unlock: 0
	airbrush: true
	base_color: (0.346700, 0.768100, 0.198000)
	flake_clearcoat_rolloff: 2.400000
	flake_color: (0.219500, 0.715600, 0.205000)
	flake_density: 0.700000
	flip_color: (0.000300, 0.023100, 0.093000)
	flip_strength: 1.700000
	flipflake: true
	icon: "paintjob_pirates_ghostship"
	mask_b_color: (0.863159, 0.863159, 0.863159)
	mask_g_color: (0.871337, 0.871337, 0.871337)
	mask_r_color: (0.871337, 0.871337, 0.871337)
	part_type: "aftermarket"
