	name: "Irish Flag Metallic"
	price: 20000
	unlock: 0
	airbrush: true
	base_color: (0.000000, 0.332400, 0.066600)
	flake_clearcoat_rolloff: 3.000000
	flake_color: (1.000000, 0.571100, 0.000000)
	flake_density: 0.600000
	flake_uvscale: 20.000000
	flip_color: (0.046600, 0.124700, 0.005100)
	flip_strength: 0.900000
	flipflake: true
	icon: "paintjob_flag_ie_metal.dlc_flags_ie"
	part_type: aftermarket
