	name: "Echo Diamond"
	price: 25500
	unlock: 0
	airbrush: true
	base_color: (0.665387, 0.665387, 0.665387)
	flake_clearcoat_rolloff: 5.000000
	flake_color: (0.084374, 0.084374, 0.084374)
	flake_density: 0.600000
	flake_shininess: 40.000000
	flake_uvscale: 20.000000
	flip_color: (1.000000, 0.991068, 0.994386)
	flip_strength: 0.930000
	flipflake: true
	icon: "paintjob_butterfly_rent"
	part_type: "aftermarket"
