	name: "Michelin Tracks 2021"
	price: 25000
	unlock: 0
	airbrush: true
	base_color: (0.514894, 0.514894, 0.514894)
	flake_clearcoat_rolloff: 4.500000
	flake_color: (0.381306, 0.381306, 0.496933)
	flake_shininess: 20.000000
	flake_uvscale: 24.000000
	flip_color: (0.168269, 0.168269, 0.304970)
	flip_strength: 1.700000
	flipflake: true
	icon: "paintjob_michelin_print21_trailer"
	part_type: "licensed"
