	name: "@@custom_color@@"
	price: 5200
	unlock: 0
	base_color: (0.351514, 0.351514, 0.351514)
	icon: "color_custom_icon"
	mask_b_color: (0.033109, 0.033109, 0.033109)
	mask_g_color: (1.000000, 1.000000, 1.000000)
	mask_g_locked: false
	mask_r_color: (0.679547, 0.007545, 0.007553)
	part_type: "aftermarket"
