	name: "White"
	price: 2600
	unlock: 5
	base_color: (0.082288, 0.082288, 0.082288)
	icon: "paintjob_trailer/white"
	mask_g_color: (0.913099, 0.913099, 0.913099)
	mask_r_color: (0.356400, 0.356400, 0.356400)
	stock: true
