	name: "Always Forward"
	price: 24000
	unlock: 5
	airbrush: true
	base_color: (0.356407, 0.356407, 0.356407)
	flake_clearcoat_rolloff: 5.000000
	flake_color: (0.991068, 0.964686, 0.896269)
	flake_density: 0.600000
	flake_shininess: 30.000000
	flake_uvscale: 20.000000
	flip_color: (0.904628, 0.904628, 0.904628)
	flip_strength: 0.930000
	flipflake: true
	icon: "paintjob_flag_logo_1a"
