	name: "Grand Tour"
	price: 13500
	unlock: 0
	base_color: (0.900000, 0.900000, 0.900000)
	base_color_locked: false
	color_variant[]: (0.000607, 0.042311, 0.035601)
	color_variant[]: (1.000000, 0.456411, 0.000000)
	color_variant[]: (0.000000, 0.000000, 0.000000)
	color_variant[]: (0.000000, 0.000000, 0.000000)
	icon: "paintjob_style4"
	mask_b_color: (0.000000, 0.015900, 0.042300)
	mask_b_locked: false
	mask_r_color: (0.248282, 0.270068, 0.376269)
	part_type: "aftermarket"
