	name: "Duellist"
	price: 24800
	unlock: 14
	base_color: (0.686600, 0.623900, 0.462000)
	base_color_locked: false
	icon: "paintjob_style2"
	mask_b_color: (0.099800, 0.005100, 0.003300)
	mask_b_locked: false
	mask_g_color: (0.781600, 0.819400, 0.637900)
	mask_r_color: (0.955900, 0.665300, 0.141200)
