	name: "White"
	price: 2600
	unlock: 0
	mask_b_color: (0.033110, 0.033110, 0.033110)
	mask_g_color: (0.938652, 0.584078, 0.015212)
	mask_r_color: (0.679547, 0.007545, 0.007553)
	part_type: "factory"
