	name: "Ukrainian Flag Metallic"
	price: 20000
	unlock: 0
	airbrush: true
	base_color: (0.930112, 0.930112, 0.930112)
	flake_color: (0.913297, 0.991068, 0.984520)
	flip_color: (0.000728, 0.003951, 0.072270)
	flipflake: true
	icon: "paintjob_flag_ukr"
	part_type: aftermarket
	mask_b_color: (0.863159, 0.863159, 0.863159)
	mask_g_color: (0.871337, 0.871337, 0.871337)
	mask_r_color: (0.871337, 0.871337, 0.871337)
