	name: "Goodyear Dash"
	price: 25000
	unlock: 0
	airbrush: true
	base_color: (0.000000, 0.036889, 0.152938)
	flake_clearcoat_rolloff: 3.500000
	flake_color: (0.723055, 0.846873, 0.752942)
	flake_shininess: 20.000000
	flip_color: (0.000305, 0.042311, 0.088656)
	flip_strength: 1.800000
	flipflake: true
	icon: "good2"
	part_type: "licensed"
