	name: "Danish Explorer"
	price: 20000
	unlock: 0
	airbrush: true
	base_color: (0.052800, 0.070300, 0.072200)
	flake_clearcoat_rolloff: 4.500000
	flake_color: (0.292500, 0.002700, 0.017300)
	flake_shininess: 20.000000
	flake_uvscale: 24.000000
	flip_color: (0.973400, 0.107000, 0.198000)
	icon: "paintjob_flag_dk_ship.dlc_flags_dk"
