	name: "Windmill Riverside"
	price: 20000
	unlock: 0
	airbrush: true
	base_color: (0.054976, 0.054976, 0.054976)
	flake_color: (0.846875, 0.846875, 0.846875)
	flip_color: (0.005607, 0.005607, 0.005607)
	flipflake: true
	icon: "paintjob_flag_nl_windmill"
	mask_b_color: (0.863159, 0.863159, 0.863159)
	mask_g_color: (0.871337, 0.871337, 0.871337)
	mask_r_color: (0.871337, 0.871337, 0.871337)
	part_type: "aftermarket"
