	name: "Klimt Inspirations"
	price: 20000
	unlock: 0
	airbrush: true
	base_color: (0.558340, 0.230725, 0.000000)
	flake_clearcoat_rolloff: 2.400000
	flake_color: (1.000000, 0.973411, 0.693872)
	flake_density: 0.700000
	flake_shininess: 5.000000
	flake_uvscale: 6.000000
	flip_color: (0.341896, 0.093059, 0.000000)
	flip_strength: 1.700000
	flipflake: true
	icon: "paintjob_flag_at_klimt"
	part_type: "aftermarket"
