	name: "Canopy"
	price: 35200
	unlock: 20
	base_color: (0.013700, 0.028400, 0.014400)
	base_color_locked: false
	color_variant[]: (0.001821, 0.024158, 0.048172)
	color_variant[]: (0.000000, 1.000000, 0.887923)
	color_variant[]: (1.000000, 1.000000, 1.000000)
	color_variant[]: (0.955900, 0.665300, 0.141200)
	icon: "paintjob_style7"
	mask_b_color: (0.723000, 0.283100, 0.064800)
	mask_b_locked: false
	mask_g_color: (0.879600, 0.644400, 0.401900)
	mask_g_locked: false
	part_type: "aftermarket"
