	name: "Duellist"
	price: 24800
	unlock: 14
	base_color: (0.686600, 0.623900, 0.462000)
	base_color_locked: false
	color_variant[]: (0.033105, 0.033105, 0.031896)
	color_variant[]: (0.024158, 0.439657, 1.000000)
	color_variant[]: (0.781600, 0.819400, 0.637900)
	color_variant[]: (0.955900, 0.665300, 0.141200)
	icon: "paintjob_style2"
	part_type: aftermarket
	mask_b_color: (0.099800, 0.005100, 0.003300)
	mask_b_locked: false
