	name: "Bubbles"
	price: 12500
	unlock: 5
	base_color: (0.391500, 0.508800, 0.715600)
	base_color_locked: false
	color_variant[]: (0.005605, 0.016807, 0.045186)
	color_variant[]: (0.086500, 1.000000, 0.964687)
	color_variant[]: (0.000000, 0.000000, 0.000000)
	color_variant[]: (0.000000, 0.000000, 0.000000)
	icon: "paintjob_style1"
	part_type: aftermarket
	mask_b_color: (0.006500, 0.026200, 0.078100)
	mask_b_locked: false
