	name: "Sunrise"
	price: 22800
	unlock: 10
	base_color: (0.830700, 0.830700, 0.830700)
	base_color_locked: false
	color_variant[]: (0.010330, 0.063010, 0.020289)
	color_variant[]: (0.287441, 0.597202, 0.013702)
	color_variant[]: (0.246201, 0.000000, 0.401978)
	color_variant[]: (0.791200, 0.715600, 0.283100)
	icon: "paintjob_style11"
	part_type: aftermarket
	mask_b_color: (0.904600, 0.571100, 0.002100)
	mask_b_locked: false
	mask_g_color: (0.913000, 0.147000, 0.002400)
	mask_g_locked: false
