	name: "Sade"
	price: 22000
	unlock: 8
	base_color: (0.019300, 0.019300, 0.019300)
	base_color_locked: false
	color_variant[]: (1.000000, 0.491021, 0.000000)
	color_variant[]: (0.171441, 0.171441, 0.171441)
	color_variant[]: (1.000000, 1.000000, 1.000000)
	color_variant[]: (0.791200, 0.715600, 0.283100)
	icon: "paintjob_style12"
	mask_b_color: (0.201500, 0.001200, 0.001200)
	mask_b_locked: false
	mask_g_color: (0.119500, 0.119500, 0.119500)
	mask_g_locked: false
