	name: "T Sleeper"
	price: 4450
	unlock: 0
	airbrush: true
	base_color: (0.490619, 0.586686, 0.754993)
	flake_clearcoat_rolloff: 2.700000
	flake_color: (0.821549, 0.821549, 0.821549)
	flake_density: 0.700000
	flake_shininess: 10.000000
	flip_color: (0.095307, 0.114435, 0.191202)
	flip_strength: 1.000000
	flipflake: true
	icon: "paintjob_renault_t"
	mask_b_color: (0.006500, 0.026200, 0.078100)
	part_type: "licensed"
