	name: "METEC Sentinel"
	price: 24000
	unlock: 0
	airbrush: true
	base_color: (0.006514, 0.029557, 0.072272)
	flake_clearcoat_rolloff: 2.400000
	flake_color: (0.921550, 0.921550, 0.921550)
	flake_shininess: 5.000000
	flip_color: (0.000000, 0.013836, 0.035605)
	flip_strength: 1.700000
	icon: "paintjobs/metec"
	mask_b_color: (0.010330, 0.054480, 0.124782)
	mask_g_color: (0.006514, 0.029557, 0.072272)
	mask_r_color: (1.000000, 0.672416, 0.025187)
	part_type: "licensed"
