	name: "Kässbohrer Modern Edge"
	price: 25000
	unlock: 0
	airbrush: true
	base_color: (0.002428, 0.004778, 0.010963)
	flake_clearcoat_rolloff: 2.400000
	flake_color: (0.056135, 0.165144, 0.300544)
	flake_shininess: 5.000000
	flip_color: (0.603801, 0.814847, 1.000000)
	flip_strength: 1.700000
	icon: "trailer_owned/upgrade/paintjob/kassbohrer8"
	part_type: "aftermarket"
