	name: "Scottish Flag Metallic"
	price: 20000
	unlock: 0
	airbrush: true
	base_color: (0.000000, 0.191200, 0.539400)
	flake_clearcoat_rolloff: 3.000000
	flake_color: (0.000000, 1.000000, 0.450700)
	flake_density: 0.400000
	flake_shininess: 30.000000
	flip_color: (0.008500, 0.025100, 1.000000)
	flip_strength: 0.500000
	flipflake: true
	icon: "paintjob_flag_sc_metal.dlc_flags_sc"
	part_type: aftermarket
