	name: "Full Steam Santa"
	price: 25000
	unlock: 0
	airbrush: true
	base_color: (0.017600, 0.040900, 0.082200)
	flake_clearcoat_rolloff: 2.400000
	flake_color: (0.376200, 0.651400, 0.630700)
	flake_density: 0.700000
	flake_shininess: 5.000000
	flip_color: (0.000900, 0.000600, 0.014400)
	flip_strength: 1.700000
	flipflake: true
	icon: "paintjob_christmas_santa"
