	name: "Xmas Spirit"
	price: 25000
	unlock: 0
	airbrush: true
	base_color: (0.023900, 0.000200, 0.000000)
	flake_clearcoat_rolloff: 4.500000
	flake_color: (1.000000, 0.603800, 0.597200)
	flake_shininess: 25.000000
	flake_uvscale: 60.000000
	flip_color: (1.000000, 0.116900, 0.111900)
	flip_strength: 1.300000
	flipflake: true
	icon: "paintjob_christmas_spirit.dlc_christmas"
	part_type: "aftermarket"
