	name: "White"
	price: 2600
	unlock: 0
	mask_b_color: (0.033100, 0.033100, 0.033100)
	mask_g_color: (1.000000, 1.000000, 1.000000)
	mask_r_color: (0.010024, 0.010024, 0.010024)
	part_type: "factory"
