	name: "Sydney Surfer"
	price: 20000
	unlock: 0
	airbrush: true
	base_color: (0.904600, 0.715600, 0.423200)
	flake_clearcoat_rolloff: 4.500000
	flake_color: (0.871300, 0.450700, 0.028400)
	flake_shininess: 20.000000
	flake_uvscale: 48.000000
	flip_color: (0.434100, 0.130100, 0.011600)
	flipflake: true
	icon: "paintjob_flag_aus_surfer"
	part_type: aftermarket
