	name: "Canadian Flag"
	price: 20000
	unlock: 0
	airbrush: true
	base_color: (0.479298, 0.000000, 0.000000)
	flake_color: (0.947307, 0.479298, 0.479298)
	flip_color: (0.070367, 0.000607, 0.000607)
	icon: "paintjob_flag_ca.dlc_flags_ca"
