	name: "Mascaţii"
	price: 20000
	unlock: 0
	airbrush: true
	base_color: (0.027321, 0.027321, 0.027321)
	flake_clearcoat_rolloff: 2.400000
	flake_color: (0.913000, 0.723000, 0.617200)
	flip_color: (0.074200, 0.000300, 0.000300)
	flip_strength: 1.700000
	flipflake: true
	icon: "paintjob_flag_ro_mask"
	mask_b_color: (0.863159, 0.863159, 0.863159)
	mask_g_color: (0.871337, 0.871337, 0.871337)
	mask_r_color: (0.871337, 0.871337, 0.871337)
	part_type: "aftermarket"
