	name: "White"
	price: 2600
	unlock: 0
	base_color: (0.752942, 0.752942, 0.752942)
	mask_g_color: (0.020292, 0.020292, 0.020292)
	part_type: "aftermarket"
