	name: "Blue"
	price: 2600
	unlock: 0
	base_color: (0.028430, 0.127438, 0.274677)
	mask_g_color: (0.020292, 0.020292, 0.020292)
	part_type: "aftermarket"
