	name: "Green"
	price: 2600
	unlock: 0
	base_color: (0.097587, 0.165144, 0.078195)
	mask_g_color: (0.020292, 0.020292, 0.020292)
	part_type: "aftermarket"
