	name: "Yellow"
	price: 2600
	unlock: 0
	base_color: (0.846873, 0.496933, 0.003677)
	mask_g_color: (0.020292, 0.020292, 0.020292)
	part_type: "aftermarket"
