	name: "Red"
	price: 2600
	unlock: 0
	base_color: (0.262242, 0.019278, 0.035844)
	mask_g_color: (0.020292, 0.020292, 0.020292)
	part_type: "aftermarket"
