	name: "Play Worlds"
	price: 28000
	unlock: 0
	airbrush: true
	base_color: (0.076185, 0.076185, 0.076185)
	flake_clearcoat_rolloff: 3.500000
	flake_color: (0.723055, 0.846873, 0.760495)
	flake_shininess: 20.000000
	flip_color: (0.000305, 0.042311, 0.088656)
	flip_strength: 1.800000
	icon: "strt_scs"
	mask_b_color: (0.723000, 0.283100, 0.064800)
	mask_g_color: (0.879600, 0.644400, 0.401900)
	mask_r_color: (0.955900, 0.665300, 0.141200)
	part_type: "aftermarket"
