	name: "US Flag Metallic"
	price: 20000
	unlock: 0
	airbrush: true
	base_color: (0.412522, 0.456389, 0.527091)
	flake_clearcoat_rolloff: 5.000000
	flake_color: (0.701074, 0.672416, 0.644453)
	flake_density: 0.600000
	flake_shininess: 30.000000
	flake_uvscale: 20.000000
	flip_color: (0.208637, 0.168269, 0.097587)
	flip_strength: 0.930000
	flipflake: true
	icon: "paintjob_flag_us_metal.dlc_flags_us"
	part_type: aftermarket
