	name: "City of Brussels"
	price: 20000
	unlock: 0
	airbrush: true
	alternate_uvset: true
	base_color: (0.327778, 0.407240, 0.450786)
	flake_color: (0.879622, 1.000000, 0.982251)
	flip_color: (0.031896, 0.064803, 0.070367)
	flip_strength: 1.700000
	icon: "paintjob_flag_be_brussel"
