	name: "Belgian Flag Metallic"
	price: 20000
	unlock: 0
	airbrush: true
	base_color: (0.376262, 0.000000, 0.003677)
	flake_color: (0.982251, 0.947307, 0.768151)
	flip_color: (1.000000, 0.558340, 0.000000)
	flip_strength: 1.700000
	flipflake: true
	icon: "paintjob_flag_be_big"
