	name: "Golden Raven"
	price: 24200
	unlock: 0
	airbrush: true
	base_color: (0.577500, 0.304900, 0.031800)
	flake_clearcoat_rolloff: 4.500000
	flake_color: (1.000000, 0.863100, 0.623900)
	flake_shininess: 20.000000
	flake_uvscale: 48.000000
	flip_color: (0.210900, 0.114300, 0.014100)
	flip_strength: 1.700000
	flipflake: true
	icon: "paintjob_golden_raven.dlc_raven"
	part_type: "aftermarket"
