	name: "Sade"
	price: 15000
	unlock: 8
	base_color: (0.019300, 0.019300, 0.019300)
	base_color_locked: false
	flake_clearcoat_rolloff: 2.400000
	flake_density: 0.700000
	flip_strength: 1.700000
	icon: "paintjob_style12"
	mask_b_color: (0.201500, 0.001200, 0.001200)
	mask_b_locked: false
	mask_g_color: (0.119500, 0.119500, 0.119500)
	mask_g_locked: false
	mask_r_color: (0.000000, 0.000000, 0.000000)
	part_type: "aftermarket"
