	name: "UK Flag Metallic"
	price: 20000
	unlock: 0
	airbrush: true
	base_color: (0.000000, 0.346700, 1.000000)
	flake_clearcoat_rolloff: 3.000000
	flake_color: (0.000000, 0.473500, 1.000000)
	flake_density: 0.200000
	flake_shininess: 30.000000
	flip_color: (0.027300, 0.030700, 0.287400)
	flip_strength: 0.900000
	flipflake: true
	icon: "paintjob_flag_uk_metal.dlc_flags_uk"
	part_type: "aftermarket"
