	name: "METEC Sentinel"
	price: 24000
	unlock: 0
	airbrush: true
	base_color: (0.006514, 0.029557, 0.072272)
	flake_clearcoat_rolloff: 2.400000
	flake_color: (0.973400, 0.913000, 0.775800)
	flake_density: 0.700000
	flip_color: (0.973400, 0.913000, 0.775800)
	flip_strength: 1.700000
	icon: "paintjobs/metec"
	mask_b_color: (0.000000, 0.000000, 0.000000)
	mask_g_color: (0.000000, 0.000000, 0.000000)
	mask_r_color: (0.000000, 0.000000, 0.000000)
	part_type: "licensed"
