	name: "Sunrise in Prague"
	price: 20000
	unlock: 0
	airbrush: true
	base_color: (0.155926, 0.005182, 0.000000)
	flake_clearcoat_rolloff: 3.000000
	flake_color: (1.000000, 0.473531, 0.191215)
	flake_shininess: 20.000000
	flip_color: (0.005182, 0.000607, 0.000000)
	flip_strength: 1.000000
	flipflake: true
	icon: "paintjob_flag_cz_castle.dlc_flags_cz"
