	name: "Across the Ocean"
	price: 20000
	unlock: 0
	airbrush: true
	base_color: (0.287424, 0.473531, 0.551987)
	flake_color: (0.838768, 0.665387, 0.571125)
	flip_color: (0.005181, 0.000000, 0.000000)
	icon: "paintjob_flag_es_ship"
