SiiNunit
{
ferry_connection : conn.ancona.patras {
	price: 1425
	time: 1500
	distance: 960

connection_positions[0]: (2870055, 0, 9928883)
connection_positions[1]: (3235513, 0, 10096767)
connection_positions[2]: (7408814, 0, 13426308)
connection_positions[3]: (9705687, 0, 16519459)
connection_positions[4]: (10476564, 0, 17468378)
connection_positions[5]: (11275308, 0, 18001227)
connection_positions[6]: (11845613, 0, 17939346)

connection_directions[0]: (0.962170, -0.000000, -0.272449)
connection_directions[1]: (0.778982, 0.000016, 0.627047)
connection_directions[2]: (0.654367, -0.000003, 0.756177)
connection_directions[3]: (0.559190, -0.000014, 0.829039)
connection_directions[4]: (0.892547, -0.000022, 0.450955)
connection_directions[5]: (0.982442, -0.000034, 0.186569)
connection_directions[6]: (0.928313, -0.000029, 0.371799)

}
}