SiiNunit
{
ferry_connection : conn.argostoli.igoumenitsb {
	price: 720 # approx based on rhodes/athens
	time: 460
	distance: 240

connection_positions[0]: (10533568, 0, 18245751)
connection_positions[1]: (10467426, 0, 18292552)
connection_positions[2]: (10139493, 0, 18298623)
connection_positions[3]: (10137307, 0, 16319253)
connection_positions[4]: (10072718, 0, 16102495)

connection_directions[0]: (-0.999846, -0.000022, -0.017541)
connection_directions[1]: (-0.447954, -0.000025, 0.894056)
connection_directions[2]: (-0.695770, -0.000016, -0.718264)
connection_directions[3]: (0.221670, -0.000008, -0.975122)
connection_directions[4]: (0.773029, -0.000029, -0.634371)

}
}