SiiNunit
{
ferry_connection : conn.argostoli.patras_b {
	price: 510 # approx based on rhodes/athens
	time: 240
	distance: 131

connection_positions[0]: (10533540, 0, 18254640)
connection_positions[1]: (10479059, 0, 18377026)
connection_positions[2]: (10745366, 0, 18464523)
connection_positions[3]: (11227589, 0, 18280551)
connection_positions[4]: (11839028, 0, 17980679)

connection_directions[0]: (-0.999846, -0.000022, -0.017541)
connection_directions[1]: (0.695771, -0.000016, 0.718264)
connection_directions[2]: (0.998938, -0.000015, 0.046085)
connection_directions[3]: (0.721188, -0.000034, -0.692739)
connection_directions[4]: (0.928313, -0.000029, 0.371799)

}
}