SiiNunit
{
ferry_connection : conn.igoumenitsa.bari {
	price: 745
	time: 570
	distance: 445

connection_positions[0]: (10061931, 0, 16046026)
connection_positions[1]: (9838985, 0, 15629826)
connection_positions[2]: (8110824, 0, 14454704)
connection_positions[3]: (6402888, 0, 13748084)

connection_directions[0]: (-0.642432, 0.000029, -0.766343)
connection_directions[1]: (-0.824099, 0.000037, -0.566446)
connection_directions[2]: (-0.677500, -0.000003, -0.735523)
connection_directions[3]: (-0.939633, 0.000000, 0.342184)

}
}