SiiNunit
{
ferry_connection : conn.igoumenitsa.ancona {
	price: 1425
	time: 1110
	distance: 810

connection_positions[0]: (10074077, 0, 16040616)
connection_positions[1]: (9846004, 0, 15618524)
connection_positions[2]: (7443433, 0, 13397611)
connection_positions[3]: (3249293, 0, 10077583)
connection_positions[4]: (2869046, 0, 9919825)

connection_directions[0]: (-0.642432, 0.000029, -0.766343)
connection_directions[1]: (-0.824099, 0.000037, -0.566446)
connection_directions[2]: (-0.646413, 0.000003, -0.762988)
connection_directions[3]: (-0.778982, -0.000016, -0.627047)
connection_directions[4]: (-0.962170, 0.000000, 0.272449)

}
}