SiiNunit
{
ferry_connection : conn.kalamata.chania {
	price: 1140 # approx based on rhodes/athens
	time: 490
	distance: 290

connection_positions[0]: (13057878, 0, 19877404)
connection_positions[1]: (13825718, 0, 20353501)
connection_positions[2]: (15153149, 0, 21588072)

connection_directions[0]: (0.845643, -0.000000, 0.533749)
connection_directions[1]: (0.853746, -0.000000, 0.520689)
connection_directions[2]: (0.251071, -0.000000, 0.967969)

}
}