SiiNunit
{
ferry_connection : conn.kavala.chios_b {
	price: 1521 # approx based on rhodes/athens
	time: 690
	distance: 350

connection_positions[0]: (14888425, 0, 13575810)
connection_positions[1]: (15071882, 0, 13634591)
connection_positions[2]: (15803295, 0, 14429311)
connection_positions[3]: (16434694, 0, 16043729)
connection_positions[4]: (17018927, 0, 16799403)

connection_directions[0]: (0.453689, -0.000000, 0.891160)
connection_directions[1]: (0.720058, -0.000000, 0.693915)
connection_directions[2]: (0.697284, -0.000000, 0.716795)
connection_directions[3]: (0.573915, -0.000000, 0.818915)
connection_directions[4]: (0.427688, -0.000000, 0.903926)

}
}