SiiNunit
{
ferry_connection : conn.mitilini_b.kavala {
	price: 1440 # approx based on rhodes/athens
	time: 730
	distance: 370

connection_positions[0]: (17370806, 0, 15858566)
connection_positions[1]: (16942694, 0, 15418691)
connection_positions[2]: (16516549, 0, 15407796)
connection_positions[3]: (15813479, 0, 14418397)
connection_positions[4]: (15081073, 0, 13622656)
connection_positions[5]: (14897616, 0, 13563875)

connection_directions[0]: (0.186635, -0.000000, -0.982429)
connection_directions[1]: (-0.988955, 0.004322, 0.148155)
connection_directions[2]: (-0.593838, 0.003224, -0.804578)
connection_directions[3]: (-0.697284, 0.000000, -0.716795)
connection_directions[4]: (-0.720057, 0.000000, -0.693914)
connection_directions[5]: (-0.453689, 0.000000, -0.891160)

}
}