SiiNunit
{
ferry_connection : conn.piraeus.rhodes {
	price: 1889
	time: 810
	distance: 480

connection_positions[0]: (14731983, 0, 18282969)
connection_positions[1]: (15358579, 0, 19259416)
connection_positions[2]: (18181267, 0, 19699367)
connection_positions[3]: (19844721, 0, 19457594)

connection_directions[0]: (-0.326543, -0.000000, 0.945182)
connection_directions[1]: (0.954869, -0.000000, 0.297026)
connection_directions[2]: (0.996834, -0.000000, 0.079512)
connection_directions[3]: (0.990411, -0.000000, -0.138151)

}
}