SiiNunit
{
ferry_connection : conn.rhodes.piraeus {
	price: 1889
	time: 810
	distance: 480

connection_positions[0]: (19844721, 0, 19457594)
connection_positions[1]: (18181267, 0, 19699367)
connection_positions[2]: (15358579, 0, 19259416)
connection_positions[3]: (14731983, 0, 18282969)

connection_directions[0]: (-0.990411, 0.000000, 0.138151)
connection_directions[1]: (-0.996834, 0.000000, -0.079512)
connection_directions[2]: (-0.954869, 0.000000, -0.297026)
connection_directions[3]: (0.326543, 0.000000, -0.945182)

}
}