SiiNunit
{
ferry_connection : conn.trieste.patras {
	price: 1860 # approx based on ancona/patras
	time: 1980
	distance: 1200

connection_positions[0]: (2559416, 0, 6972595)
connection_positions[1]: (2304234, 0, 7360762)
connection_positions[2]: (2582992, 0, 8779297)
connection_positions[3]: (7474064, 0, 13373996)
connection_positions[4]: (9726864, 0, 16509341)
connection_positions[5]: (10476183, 0, 17445464)
connection_positions[6]: (11279466, 0, 17978689)
connection_positions[7]: (11849771, 0, 17916808)

connection_directions[0]: (-0.920437, -0.000000, 0.390892)
connection_directions[1]: (-0.310286, 0.000039, 0.950643)
connection_directions[2]: (0.716514, 0.000016, 0.697573)
connection_directions[3]: (0.646413, -0.000003, 0.762988)
connection_directions[4]: (0.559190, -0.000014, 0.829039)
connection_directions[5]: (0.892547, -0.000022, 0.450955)
connection_directions[6]: (0.982442, -0.000034, 0.186569)
connection_directions[7]: (0.928313, -0.000029, 0.371799)

}
}