SiiNunit
{
ferry_connection : conn.trieste.igoumenitsa {
	price: 1590 # approx based on ancona/patras
	time: 1620
	distance: 1025

connection_positions[0]: (2564639, 0, 6991576)
connection_positions[1]: (2344624, 0, 7362098)
connection_positions[2]: (2620554, 0, 8751424)
connection_positions[3]: (5934102, 0, 11719933)
connection_positions[4]: (7504005, 0, 13350000)
connection_positions[5]: (9855884, 0, 15608446)
connection_positions[6]: (10086184, 0, 16034538)

connection_directions[0]: (-0.920437, -0.000000, 0.390892)
connection_directions[1]: (-0.310286, 0.000039, 0.950643)
connection_directions[2]: (0.716514, 0.000016, 0.697573)
connection_directions[3]: (0.733878, -0.000000, 0.679281)
connection_directions[4]: (0.646413, 0.000000, 0.762988)
connection_directions[5]: (0.805900, -0.000000, 0.592052)
connection_directions[6]: (0.642432, -0.000000, 0.766343)

}
}