	name: "Kogel Cool"
	price: 21000
	unlock: 0
	airbrush: true
	flake_clearcoat_rolloff: 5.000000
	flake_color: (0.004026, 0.119548, 0.502863)
	flake_density: 0.600000
	flake_shininess: 30.000000
	flake_uvscale: 20.000000
	flip_color: (0.001519, 0.008570, 0.031896)
	flip_strength: 0.930000
	icon: "paintjobs/kogelcool"
	mask_b_color: (1.000000, 1.000000, 1.000000)
	mask_g_color: (0.270482, 0.270482, 0.304970)
	mask_r_color: (1.000000, 0.590593, 0.088656)
	part_type: "factory"
