	name: "DAF Pure Excellence"
	price: 20000
	unlock: 0
	airbrush: true
	base_color: (0.002428, 0.287424, 0.597202)
	flake_clearcoat_rolloff: 3.500000
	flake_color: (0.724496, 0.846875, 0.763994)
	flake_shininess: 20.000000
	flip_color: (0.000305, 0.042311, 0.088656)
	flip_strength: 1.800000
	flipflake: true
	icon: "paintjob_daf_xf"
