	name: "Jamaica Blue"
	price: 4550
	unlock: 0
	base_color: (0.031896, 0.283149, 0.723055)
	flake_clearcoat_rolloff: 3.500000
	flake_color: (0.485150, 0.745375, 0.814847)
	flake_shininess: 20.000000
	flip_color: (0.019382, 0.086509, 0.242281)
	flip_strength: 1.800000
	flipflake: true
	icon: "jam_b_daf"
	part_type: "factory"
