	name: "XG+ 75th Anniversary"
	price: 25000
	unlock: 0
	airbrush: true
	base_color: (0.745375, 0.745375, 0.745375)
	flake_clearcoat_rolloff: 2.400000
	flake_color: (0.921550, 0.921550, 0.921550)
	flake_shininess: 5.000000
	flip_color: (0.723055, 0.723055, 0.723055)
	flip_strength: 1.700000
	flipflake: true
	icon: "truck/upgrade/paintjob/75y_strip"
	part_type: "factory"
