	name: "Flame Red"
	price: 3210
	unlock: 0
	base_color: (0.799103, 0.042311, 0.042311)
	flake_clearcoat_rolloff: 3.500000
	flake_color: (1.000000, 0.033105, 0.033105)
	flake_density: 0.600000
	flake_shininess: 20.000000
	flake_uvscale: 20.000000
	flip_color: (0.462077, 0.038204, 0.097587)
	flip_strength: 1.800000
	flipflake: true
	part_type: "factory"
	stock: true
