	name: "Electric Orange"
	price: 4550
	unlock: 0
	base_color: (1.000000, 0.198000, 0.004300)
	flake_clearcoat_rolloff: 5.000000
	flake_color: (1.000000, 1.000000, 1.000000)
	flake_density: 0.600000
	flake_shininess: 30.000000
	flake_uvscale: 20.000000
	flip_color: (0.730400, 0.074200, 0.011600)
	flip_strength: 0.930000
	flipflake: true
	part_type: "factory"
	stock: true
