	name: "Hydra"
	price: 20000
	unlock: 0
	airbrush: true
	base_color: (0.296121, 0.896269, 0.973411)
	flake_clearcoat_rolloff: 2.400000
	flake_color: (0.011872, 0.060512, 0.074219)
	flake_density: 0.700000
	flip_color: (0.006212, 0.018673, 0.021218)
	flip_strength: 1.700000
	flipflake: true
	icon: "hydra"
	mask_b_color: (0.863159, 0.863159, 0.863159)
	mask_g_color: (0.871337, 0.871337, 0.871337)
	mask_r_color: (0.871337, 0.871337, 0.871337)
	part_type: "aftermarket"
