	name: "Mantis Green"
	price: 3120
	unlock: 0
	base_color: (0.104616, 0.434154, 0.003347)
	flake_clearcoat_rolloff: 5.000000
	flake_color: (0.158961, 0.502887, 0.000000)
	flake_density: 0.600000
	flake_shininess: 30.000000
	flake_uvscale: 20.000000
	flip_color: (0.212231, 0.617207, 0.015996)
	flip_strength: 0.930000
	flipflake: true
	part_type: "factory"
	stock: true
