	name: "Rouge Flamme"
	price: 5100
	unlock: 0
	base_color: (0.428690, 0.000000, 0.000607)
	flake_clearcoat_rolloff: 5.000000
	flake_color: (0.577555, 0.000000, 0.000000)
	flake_density: 0.600000
	flake_shininess: 30.000000
	flake_uvscale: 20.000000
	flip_color: (0.258183, 0.000000, 0.000607)
	flip_strength: 0.930000
	flipflake: true
	part_type: "factory"
	stock: true
