	name: "Tuscan Yellow"
	price: 5100
	unlock: 0
	base_color: (0.701102, 0.584079, 0.008023)
	flake_clearcoat_rolloff: 5.000000
	flake_color: (0.806952, 0.775822, 0.234551)
	flake_density: 0.600000
	flake_shininess: 30.000000
	flake_uvscale: 20.000000
	flip_color: (0.158961, 0.165132, 0.035601)
	flip_strength: 0.930000
	flipflake: true
	part_type: "factory"
	stock: true
