	name: "Silver"
	price: 4300
	unlock: 0
	base_color: (0.366253, 0.366253, 0.366253)
	flake_clearcoat_rolloff: 5.000000
	flake_color: (1.000000, 0.990377, 0.879624)
	flake_density: 0.600000
	flake_shininess: 30.000000
	flake_uvscale: 20.000000
	flip_color: (0.017642, 0.016811, 0.010963)
	flip_strength: 0.930000
	flipflake: true
	part_type: "factory"
	stock: true
