	name: "Russian Troika"
	price: 20000
	unlock: 0
	airbrush: true
	base_color: (0.030000, 0.030000, 0.030000)
	flake_clearcoat_rolloff: 4.500000
	flake_color: (0.430000, 0.410000, 0.153000)
	flake_shininess: 40.000000
	flake_uvscale: 8.000000
	flip_color: (0.137000, 0.152000, 0.085000)
	flip_strength: 1.600000
	flipflake: true
	icon: "paintjob_flag_ru_palech.dlc_flags_ru"
	part_type: aftermarket
