	name: "Wielton Blue"
	price: 15000
	unlock: 0
	airbrush: true
	base_color: (0.000000, 0.104626, 0.262235)
	icon: "paintjobs/wielton_blue"
	mask_b_color: (1.000000, 0.450786, 0.000000)
	mask_g_color: (0.158973, 0.000000, 0.008570)
	mask_r_color: (0.964686, 0.846873, 0.610496)
	part_type: "factory"
