	name: "Green"
	price: 2600
	unlock: 0
	base_color: (0.107023, 0.171454, 0.070367)
	icon: "paintjob_trailer/green"
	mask_g_color: (0.107023, 0.171454, 0.070367)
	mask_r_color: (0.356400, 0.356400, 0.356400)
	part_type: "aftermarket"
