	name: "Red"
	price: 2600
	unlock: 0
	base_color: (0.356400, 0.356400, 0.356400)
	icon: "paintjob_trailer/red"
	mask_g_color: (0.278878, 0.004778, 0.015996)
	mask_r_color: (0.356400, 0.356400, 0.356400)
	part_type: "aftermarket"
