	name: "Yellow"
	price: 2600
	unlock: 0
	base_color: (1.000000, 0.577555, 0.000000)
	icon: "paintjob_trailer/yellow"
	mask_g_color: (1.000000, 0.577555, 0.000000)
	mask_r_color: (0.356400, 0.356400, 0.356400)
	part_type: "aftermarket"
