	name: "Blue"
	price: 2600
	unlock: 0
	base_color: (0.024162, 0.104626, 0.283149)
	icon: "paintjob_trailer/blue"
	mask_g_color: (0.024162, 0.104626, 0.283149)
	mask_r_color: (0.356400, 0.356400, 0.356400)
	part_type: "aftermarket"
