	name: "Emberstorm"
	price: 27000
	unlock: 0
	base_color: (0.502863, 0.009724, 0.015212)
	base_color_locked: false
	color_variant[]: (0.009724, 0.015996, 0.019382)
	color_variant[]: (0.502863, 0.009724, 0.015212)
	color_variant[]: (0.009724, 0.015996, 0.019382)
	color_variant[]: (0.502863, 0.009724, 0.015212)
	color_variant[]: (0.502863, 0.009724, 0.015212)
	color_variant[]: (0.879622, 0.879622, 0.879622)
	color_variant[]: (0.502863, 0.009724, 0.015212)
	color_variant[]: (0.879622, 0.879622, 0.879622)
	icon: "paintjob_trailer/com_6"
	mask_b_color: (0.009724, 0.015996, 0.019382)
	mask_b_locked: false
	mask_g_color: (0.502863, 0.009724, 0.015212)
	mask_r_color: (0.009724, 0.015996, 0.019382)
	mask_r_locked: false
	part_type: "aftermarket"
