	name: "Gearing Up"
	price: 24000
	unlock: 0
	base_color: (0.356407, 0.356407, 0.356407)
	flake_clearcoat_rolloff: 2.400000
	flip_strength: 1.700000
	icon: "paintjob_flag_logo_3"
	mask_b_color: (0.095316, 0.230725, 0.822755)
	mask_g_color: (1.000000, 1.000000, 1.000000)
	part_type: "aftermarket"
