	name: "Beyond Borders"
	price: 24000
	unlock: 0
	base_color: (0.356407, 0.356407, 0.356407)
	icon: "paintjob_flag_logo_0"
	mask_b_color: (0.000000, 0.010963, 0.102242)
	mask_g_color: (0.102242, 0.473531, 0.775792)
	mask_r_color: (0.760495, 0.577555, 0.026245)
	part_type: "aftermarket"
