	name: "Up And Above"
	price: 24000
	unlock: 0
	base_color: (0.356407, 0.356407, 0.356407)
	icon: "paintjob_flag_logo_2"
	mask_b_color: (0.004026, 0.004026, 0.004026)
	mask_g_color: (0.104626, 0.545724, 0.009724)
	mask_r_color: (0.730432, 0.278878, 0.000000)
	part_type: "aftermarket"
