	name: "Russian Troika"
	price: 20000
	unlock: 0
	airbrush: true
	base_color: (0.029557, 0.029557, 0.029557)
	flake_clearcoat_rolloff: 4.500000
	flake_color: (0.428690, 0.412522, 0.152938)
	flake_shininess: 40.000000
	flake_uvscale: 8.000000
	flip_color: (0.135644, 0.152938, 0.084376)
	flip_strength: 1.600000
	flipflake: true
	icon: "paintjob_flag_ru_palech.dlc_flags_ru"
