	name: "Brazilian Flag Metallic"
	price: 20000
	unlock: 0
	airbrush: true
	base_color: (0.000000, 0.332433, 0.066633)
	flake_clearcoat_rolloff: 5.000000
	flake_color: (1.000000, 0.571125, 0.000000)
	flake_density: 0.600000
	flake_shininess: 30.000000
	flake_uvscale: 20.000000
	flip_color: (0.046671, 0.124782, 0.005182)
	flip_strength: 0.930000
	flipflake: true
	icon: "paintjob_flag_bz_metal.dlc_flags_bz"
	part_type: "aftermarket"
