	name: "Two Fold"
	price: 16000
	unlock: 0
	base_color: (0.000000, 0.000000, 0.000000)
	base_color_locked: false
	flake_color: (0.947307, 0.482520, 0.482656)
	flip_color: (0.072270, 0.000725, 0.000725)
	flip_strength: 1.700000
	icon: "summer3"
	mask_b_color: (0.354698, 0.354698, 0.354698)
	mask_g_color: (0.007501, 0.014444, 0.049713)
	mask_g_locked: false
	mask_r_color: (0.177901, 0.001821, 0.008023)
	mask_r_locked: false
	part_type: "aftermarket"
