	name: "Electric Zap"
	price: 16000
	unlock: 0
	base_color: (0.351514, 0.351514, 0.351514)
	flake_color: (0.947307, 0.482520, 0.482656)
	flip_color: (0.072270, 0.000725, 0.000725)
	flip_strength: 1.700000
	icon: "summer2"
	mask_b_color: (0.490998, 0.490998, 0.502863)
	mask_b_locked: false
	mask_g_color: (0.001519, 0.002126, 0.003035)
	mask_g_locked: false
	mask_r_color: (0.921549, 0.219526, 0.015212)
	mask_r_locked: false
	part_type: "aftermarket"
