	name: "Highway"
	price: 16000
	unlock: 0
	base_color: (0.351514, 0.351514, 0.351514)
	flake_color: (0.947307, 0.482520, 0.482656)
	flip_color: (0.072270, 0.000725, 0.000725)
	flip_strength: 1.700000
	icon: "summer1"
	mask_b_color: (0.111932, 0.116971, 0.114445)
	mask_b_locked: false
	mask_g_color: (0.791268, 0.270482, 0.018504)
	mask_g_locked: false
	mask_r_color: (0.871335, 0.078195, 0.016811)
	mask_r_locked: false
	part_type: "aftermarket"
