	name: "Magic Ribbons"
	price: 25000
	unlock: 0
	airbrush: true
	base_color: (1.000000, 0.496900, 0.376200)
	flake_clearcoat_rolloff: 2.400000
	flake_color: (0.127400, 0.000000, 0.000000)
	flake_density: 0.700000
	flake_shininess: 5.000000
	flip_color: (0.157100, 0.017300, 0.005200)
	flip_strength: 1.700000
	flipflake: true
	icon: "paintjob_christmas_ribbons.dlc_christmas"
