	name: "Individual Grey"
	price: 4600
	unlock: 0
	base_color: (0.208637, 0.246186, 0.296121)
	flake_clearcoat_rolloff: 5.000000
	flake_density: 0.600000
	flake_shininess: 30.000000
	flake_uvscale: 20.000000
	flip_strength: 0.930000
	part_type: "factory"
	stock: true
