	name: "Alamo-Ama Green"
	price: 4600
	unlock: 0
	base_color: (0.004391, 0.181164, 0.107023)
	flake_clearcoat_rolloff: 3.500000
	flake_color: (0.012983, 0.068478, 0.049713)
	flake_density: 0.600000
	flake_shininess: 20.000000
	flake_uvscale: 20.000000
	flip_color: (0.038210, 0.168269, 0.127438)
	flip_strength: 1.800000
	flipflake: true
	part_type: "factory"
	stock: true
