	name: "Golden Topaz"
	price: 4600
	unlock: 0
	base_color: (0.896269, 0.479298, 0.043741)
	flake_clearcoat_rolloff: 3.500000
	flake_color: (0.715665, 0.623960, 0.445180)
	flake_density: 0.600000
	flake_shininess: 20.000000
	flake_uvscale: 20.000000
	flip_color: (0.551987, 0.291771, 0.023153)
	flip_strength: 1.800000
	flipflake: true
	part_type: "factory"
	stock: true
