	name: "Gold Red"
	price: 4600
	unlock: 0
	base_color: (0.124782, 0.020292, 0.010963)
	flake_clearcoat_rolloff: 3.500000
	flake_color: (0.184488, 0.046671, 0.030718)
	flake_density: 0.600000
	flake_shininess: 20.000000
	flake_uvscale: 20.000000
	flip_color: (0.155926, 0.068478, 0.054480)
	flip_strength: 1.800000
	flipflake: true
	part_type: "factory"
	stock: true
