	name: "Mystic Ocean"
	price: 4600
	unlock: 0
	base_color: (0.010963, 0.152938, 0.238383)
	flake_clearcoat_rolloff: 3.500000
	flake_color: (0.010963, 0.152938, 0.238383)
	flake_density: 0.600000
	flake_shininess: 20.000000
	flake_uvscale: 20.000000
	flip_color: (0.061246, 0.171454, 0.250158)
	flip_strength: 1.800000
	flipflake: true
	part_type: "factory"
	stock: true
