	name: "Cariboli Brown Metallic"
	price: 4600
	unlock: 0
	base_color: (0.039546, 0.028430, 0.014444)
	flake_clearcoat_rolloff: 3.500000
	flake_color: (0.093059, 0.068478, 0.035606)
	flake_density: 0.600000
	flake_shininess: 20.000000
	flake_uvscale: 20.000000
	flip_color: (0.078195, 0.059518, 0.034340)
	flip_strength: 1.800000
	flipflake: true
	part_type: "factory"
	stock: true
