	name: "Obsidian Black Metallic"
	price: 4600
	unlock: 0
	base_color: (0.006995, 0.006995, 0.006995)
	flake_clearcoat_rolloff: 3.500000
	flake_color: (0.030718, 0.030718, 0.030718)
	flake_density: 0.600000
	flake_shininess: 20.000000
	flake_uvscale: 20.000000
	flip_color: (0.030718, 0.030718, 0.030718)
	flip_strength: 1.800000
	flipflake: true
	part_type: "factory"
	stock: true
