	name: "Brunello Red"
	price: 4600
	unlock: 0
	base_color: (0.114445, 0.012983, 0.022178)
	flake_clearcoat_rolloff: 3.500000
	flake_color: (0.181164, 0.052867, 0.068478)
	flake_density: 0.600000
	flake_shininess: 20.000000
	flake_uvscale: 20.000000
	flip_color: (0.119548, 0.045186, 0.045186)
	flip_strength: 1.800000
	flipflake: true
	part_type: "factory"
	stock: true
