	name: "Anthracite Metallic"
	price: 4600
	unlock: 0
	base_color: (0.254136, 0.226966, 0.177901)
	flake_clearcoat_rolloff: 3.500000
	flake_color: (0.318547, 0.296121, 0.258183)
	flake_density: 0.600000
	flake_shininess: 20.000000
	flake_uvscale: 20.000000
	flip_color: (0.318547, 0.296121, 0.258183)
	flip_strength: 1.800000
	flipflake: true
	part_type: "factory"
	stock: true
