	name: "Comet Blue"
	price: 4600
	unlock: 0
	base_color: (0.011612, 0.558340, 0.838768)
	flake_clearcoat_rolloff: 3.500000
	flake_color: (0.088656, 0.473531, 0.617180)
	flake_density: 0.600000
	flake_shininess: 20.000000
	flake_uvscale: 20.000000
	flip_color: (0.072272, 0.417885, 0.551987)
	flip_strength: 1.800000
	flipflake: true
	part_type: "factory"
	stock: true
