	name: "Flame Red"
	price: 2470
	unlock: 0
	base_color: (0.366253, 0.014444, 0.006514)
	flake_clearcoat_rolloff: 5.000000
	flake_density: 0.600000
	flake_shininess: 30.000000
	flake_uvscale: 20.000000
	flip_strength: 0.930000
	part_type: "factory"
	stock: true
