	name: "770 Deep Red"
	price: 11000
	unlock: 0
	airbrush: true
	base_color: (0.300544, 0.018504, 0.018504)
	flake_clearcoat_rolloff: 2.400000
	flake_color: (1.000000, 0.603801, 0.644453)
	flake_density: 0.700000
	flip_color: (0.124782, 0.000000, 0.004778)
	flip_strength: 1.700000
	flipflake: true
	icon: "paintjob/scania_770s_red"
	part_type: "factory"
