	name: "770 Aluminium"
	price: 11000
	unlock: 0
	airbrush: true
	base_color: (0.514894, 0.490998, 0.462077)
	flake_clearcoat_rolloff: 2.400000
	flake_color: (1.000000, 0.947307, 0.846873)
	flake_density: 0.700000
	flip_color: (0.036889, 0.034340, 0.029557)
	flip_strength: 1.700000
	flipflake: true
	icon: "paintjob/scania_770s_silver"
	part_type: "factory"
