	name: "Scania Super"
	price: 15000
	unlock: 0
	airbrush: true
	flake_clearcoat_rolloff: 2.400000
	flake_color: (1.000000, 1.000000, 1.000000)
	flake_density: 0.700000
	flip_color: (1.000000, 1.000000, 1.000000)
	flip_strength: 1.700000
	icon: "paintjob/scania_super"
	mask_r_color: (0.184488, 0.036889, 0.049713)
	part_type: "factory"
