	name: "Lines of Reflection"
	price: 15000
	unlock: 0
	airbrush: true
	base_color: (0.001821, 0.034340, 0.132868)
	flake_clearcoat_rolloff: 2.400000
	flake_color: (0.601740, 0.913100, 0.908958)
	flip_color: (0.010450, 0.012595, 0.021218)
	flip_strength: 1.000000
	flipflake: true
	icon: "paint_xm22"
	mask_b_color: (0.863159, 0.863159, 0.863159)
	mask_g_color: (0.871337, 0.871337, 0.871337)
	mask_r_color: (0.871337, 0.871337, 0.871337)
	part_type: "aftermarket"
	steam_inventory_id: 110
