	name: "Always Forward"
	price: 24000
	unlock: 0
	base_color: (0.356407, 0.356407, 0.356407)
	icon: "paintjob_flag_logo_1a"
	mask_b_color: (0.791268, 0.376262, 0.000000)
	mask_g_color: (0.571125, 0.584078, 0.590593)
	mask_r_color: (0.152938, 0.158973, 0.168269)
	part_type: "aftermarket"
