	name: "Kässbohrer"
	price: 13000
	unlock: 0
	base_color: (0.356407, 0.356407, 0.356407)
	icon: "trailer_owned/upgrade/paintjob/kassbohrer_k_stc"
	mask_b_color: (0.597202, 0.456389, 0.019382)
	mask_g_color: (1.000000, 1.000000, 1.000000)
	mask_r_color: (0.854961, 0.010963, 0.027321)
	part_type: "factory"
