	name: "Wings of Hope"
	price: 10500
	unlock: 0
	base_color: (0.057805, 0.000000, 0.015212)
	base_color_locked: false
	flake_color: (0.130147, 0.000305, 0.021219)
	flip_color: (0.768151, 0.138432, 0.291771)
	flip_strength: 1.700000
	icon: "ribbon_1"
	mask_b_color: (0.545724, 0.030718, 0.246186)
	mask_g_color: (0.417885, 0.266356, 0.111932)
	mask_g_locked: false
	part_type: "aftermarket"
