	name: "Yellow"
	price: 2600
	unlock: 0
	base_color: (0.791268, 0.814847, 0.001821)
	mask_b_color: (0.033109, 0.033109, 0.033109)
	mask_g_color: (0.791268, 0.814847, 0.001821)
	mask_r_color: (0.791268, 0.814847, 0.001821)
	part_type: "aftermarket"
