	name: "Green"
	price: 2600
	unlock: 0
	base_color: (0.104626, 0.171454, 0.068478)
	mask_b_color: (0.033109, 0.033109, 0.033109)
	mask_g_color: (0.104626, 0.171454, 0.068478)
	mask_r_color: (0.104626, 0.171454, 0.068478)
	part_type: "aftermarket"
