	name: "Red"
	price: 2600
	unlock: 0
	base_color: (0.291771, 0.006995, 0.020292)
	mask_b_color: (0.033109, 0.033109, 0.033109)
	mask_g_color: (0.291771, 0.006995, 0.020292)
	mask_r_color: (0.291771, 0.006995, 0.020292)
	part_type: "aftermarket"
