	name: "Kässbohrer HexaTech"
	price: 25000
	unlock: 0
	airbrush: true
	base_color: (0.015212, 0.019382, 0.023153)
	flake_clearcoat_rolloff: 2.400000
	flake_color: (0.056135, 0.165144, 0.300544)
	flake_shininess: 5.000000
	flip_color: (0.603801, 0.814847, 1.000000)
	flip_strength: 1.700000
	icon: "trailer_owned/upgrade/paintjob/kassbohrer9"
	part_type: "aftermarket"
