	name: "Ruby Red Solid"
	price: 4600
	unlock: 0
	base_color: (0.366260, 0.000002, 0.000024)
	flake_clearcoat_rolloff: 3.500000
	flake_color: (0.361288, 0.005607, 0.061246)
	flake_density: 0.600000
	flake_shininess: 20.000000
	flake_uvscale: 20.000000
	flip_color: (0.450786, 0.198083, 0.171454)
	flip_strength: 1.800000
	part_type: "factory"
	stock: true
