	name: "Gold Metallic"
	price: 4600
	unlock: 0
	base_color: (0.723055, 0.679542, 0.577555)
	flake_clearcoat_rolloff: 3.500000
	flake_color: (0.551987, 0.490998, 0.341896)
	flake_density: 0.600000
	flake_shininess: 20.000000
	flake_uvscale: 20.000000
	flip_color: (0.760495, 0.686657, 0.514894)
	flip_strength: 1.800000
	flipflake: true
	part_type: "factory"
	stock: true
