	name: "Veiled Thistle Metallic"
	price: 4600
	unlock: 0
	base_color: (0.029557, 0.031896, 0.046671)
	flake_clearcoat_rolloff: 3.500000
	flake_color: (0.040000, 0.044493, 0.090847)
	flake_density: 0.600000
	flake_shininess: 20.000000
	flake_uvscale: 20.000000
	flip_color: (0.028430, 0.033110, 0.090850)
	flip_strength: 1.800000
	flipflake: true
	part_type: "factory"
	stock: true
