	name: "Silver Metallic"
	price: 4600
	unlock: 0
	base_color: (0.401957, 0.401957, 0.401957)
	flake_clearcoat_rolloff: 3.500000
	flake_color: (0.752942, 0.752942, 0.752942)
	flake_density: 0.600000
	flake_shininess: 20.000000
	flake_uvscale: 20.000000
	flip_color: (0.496933, 0.496933, 0.496933)
	flip_strength: 1.800000
	flipflake: true
	part_type: "factory"
	stock: true
