	name: "Ginster Yellow Solid"
	price: 4600
	unlock: 0
	base_color: (0.846875, 0.366878, 0.013467)
	flake_clearcoat_rolloff: 3.500000
	flake_color: (0.401957, 0.246186, 0.076185)
	flake_density: 0.600000
	flake_shininess: 20.000000
	flake_uvscale: 20.000000
	flip_color: (1.000000, 0.760495, 0.434132)
	flip_strength: 1.800000
	part_type: "factory"
	stock: true
