	name: "Black Metallic"
	price: 4600
	unlock: 0
	base_color: (0.070367, 0.070367, 0.070367)
	flake_clearcoat_rolloff: 3.500000
	flake_color: (0.076028, 0.074875, 0.090847)
	flake_density: 0.600000
	flake_shininess: 20.000000
	flake_uvscale: 20.000000
	flip_color: (0.122139, 0.132868, 0.152938)
	flip_strength: 1.800000
	flipflake: true
	part_type: "factory"
	stock: true
