SiiNunit
{
ferry_connection : conn.barcelona.napoli {
	price: 1500
	time: 1300
	distance: 1050
	
	connection_positions[0]: (-9430000, 0, 12400000)
	connection_positions[1]: (-2900000, 0, 13350000)
	connection_positions[2]: (-2000000, 0, 13500000)
	connection_positions[3]: (3266271, 0, 14980881)
	
	connection_directions[0]: (0.9848, 0 , 0.1736)
	connection_directions[1]: (0.9848, 0 , 0.1736)
	connection_directions[2]: (0.9848, 0 , 0.1736)
	connection_directions[3]: (0.877958, 0, -0.478737)
}
}