	name: "Wheels of Progress"
	price: 24000
	unlock: 0
	base_color: (0.356407, 0.356407, 0.356407)
	icon: "paintjob_flag_logo_7"
	mask_g_color: (0.099908, 0.287424, 0.871335)
	mask_r_color: (0.007501, 0.127438, 0.791268)
	part_type: "aftermarket"
