	name: "Beyond Borders"
	price: 24000
	unlock: 0
	base_color: (0.356407, 0.356407, 0.356407)
	icon: "paintjob_flag_logo_0"
	mask_b_color: (0.597202, 0.456389, 0.019382)
	mask_g_color: (0.015212, 0.184488, 0.527091)
	mask_r_color: (0.097587, 0.391552, 0.887891)
	part_type: "aftermarket"
