	name: "Track To Success"
	price: 24000
	unlock: 0
	base_color: (0.351521, 0.351521, 0.351521)
	icon: "paintjob_flag_logo_4a"
	mask_b_color: (0.000000, 0.000000, 0.000000)
	mask_r_color: (0.930111, 0.401957, 0.002733)
	part_type: "aftermarket"
