	name: "Duellist"
	price: 15000
	unlock: 14
	base_color: (0.356407, 0.356407, 0.356407)
	icon: "paintjob_style2"
	mask_b_color: (0.097587, 0.004778, 0.003035)
	mask_b_locked: false
	mask_g_color: (0.223213, 0.300544, 0.545724)
	mask_r_color: (1.000000, 1.000000, 1.000000)
