	name: "Crimson Dragon"
	price: 20000
	unlock: 0
	airbrush: true
	base_color: (0.708376, 0.768151, 0.679542)
	flake_color: (1.000000, 0.973411, 0.879622)
	flip_color: (0.584078, 0.545724, 0.462077)
	flip_strength: 1.700000
	icon: "paintjob_flag_cn_dragon"
	part_type: "aftermarket"
