	name: "Crimson Dragon"
	price: 20000
	unlock: 0
	airbrush: true
	base_color: (0.913099, 0.863157, 0.651406)
	flake_color: (1.000000, 0.973411, 0.879622)
	flip_color: (0.584078, 0.545724, 0.462077)
	flip_strength: 1.700000
	icon: "paintjob_flag_cn_dragon"
