	name: "US Flag Metallic"
	price: 20000
	unlock: 0
	airbrush: true
	base_color: (0.412000, 0.459000, 0.525000)
	flake_clearcoat_rolloff: 3.000000
	flake_color: (0.698000, 0.675000, 0.643000)
	flake_density: 0.600000
	flake_shininess: 60.000000
	flake_uvscale: 20.000000
	flip_color: (0.208000, 0.169000, 0.098000)
	flip_strength: 0.900000
	flipflake: true
	icon: "paintjob_flag_us_metal.dlc_flags_us"
